fitness_scores =

       94380       97862      109934       95755      111308      102628      113609      104918
